3.310000000000000000e+02 6.390000000000000000e+02
3.390000000000000000e+02 6.370000000000000000e+02
3.500000000000000000e+02 6.370000000000000000e+02
3.600000000000000000e+02 6.420000000000000000e+02
3.490000000000000000e+02 6.460000000000000000e+02
3.380000000000000000e+02 6.460000000000000000e+02
3.980000000000000000e+02 6.430000000000000000e+02
4.070000000000000000e+02 6.380000000000000000e+02
4.180000000000000000e+02 6.380000000000000000e+02
4.270000000000000000e+02 6.410000000000000000e+02
4.180000000000000000e+02 6.470000000000000000e+02
4.080000000000000000e+02 6.470000000000000000e+02
3.790000000000000000e+02 6.380000000000000000e+02
3.780000000000000000e+02 6.520000000000000000e+02
3.780000000000000000e+02 6.640000000000000000e+02
3.770000000000000000e+02 6.770000000000000000e+02
3.640000000000000000e+02 6.850000000000000000e+02
3.700000000000000000e+02 6.880000000000000000e+02
3.770000000000000000e+02 6.900000000000000000e+02
3.840000000000000000e+02 6.880000000000000000e+02
3.550000000000000000e+02 7.090000000000000000e+02
3.650000000000000000e+02 7.070000000000000000e+02
3.720000000000000000e+02 7.050000000000000000e+02
3.780000000000000000e+02 7.070000000000000000e+02
3.840000000000000000e+02 7.050000000000000000e+02
3.920000000000000000e+02 7.070000000000000000e+02
4.030000000000000000e+02 7.100000000000000000e+02
3.930000000000000000e+02 7.140000000000000000e+02
3.850000000000000000e+02 7.150000000000000000e+02
3.790000000000000000e+02 7.160000000000000000e+02
3.720000000000000000e+02 7.160000000000000000e+02
3.640000000000000000e+02 7.130000000000000000e+02
3.590000000000000000e+02 7.100000000000000000e+02
